------------------------------------------------------------------------------------------
                      (1)                                                                 
                                                                                          
                    count         mean           sd          min          p50          max
------------------------------------------------------------------------------------------
price                3573        169.1        111.7           10          150          999
age                  3585        2.449        1.700     .0027379     2.094456      7.82204
host_resp~te         3114        94.99        12.52            0          100          100
host_accep~e         3114        84.17        21.78            0           94          100
host_is_su~t         3585        0.114        0.317            0            0            1
host_ident~d         3585        0.726        0.446            0            1            1
accommodates         3585        3.041        1.779            1            2           16
review_sco~g         2772        91.92        9.532           20           94          100
reviews_pe~h         2829        1.971        2.121          .01         1.17        19.15
------------------------------------------------------------------------------------------
N                    3585                                                                 
------------------------------------------------------------------------------------------
